width <- height_90 <-  6.24 
width_90 <-  7.293 

height <- 3.5